0 0.100586 0.335286 0.064453 0.042969
0 0.039062 0.351562 0.039062 0.033854
0 0.181641 0.395182 0.054688 0.045573
0 0.224609 0.300130 0.035156 0.045573
0 0.303711 0.302734 0.041016 0.053385
0 0.206543 0.201823 0.036133 0.052083
0 0.252930 0.211589 0.035156 0.048177
0 0.196777 0.134115 0.032227 0.041667
0 0.110352 0.206380 0.037109 0.045573
0 0.071777 0.215495 0.030273 0.040365
0 0.041016 0.215495 0.023438 0.040365
0 0.054199 0.164714 0.028320 0.040365
0 0.087891 0.167318 0.031250 0.040365
0 0.062500 0.123047 0.031250 0.037760
0 0.051758 0.093750 0.019531 0.018229
0 0.110840 0.093099 0.032227 0.035156
0 0.110352 0.044271 0.037109 0.041667
0 0.325684 0.411458 0.038086 0.049479
0 0.256836 0.449870 0.050781 0.066406
0 0.371582 0.488281 0.045898 0.049479
0 0.339844 0.518229 0.041016 0.052083
0 0.331055 0.578125 0.037109 0.054688
0 0.469238 0.436198 0.024414 0.046875
0 0.537109 0.376953 0.050781 0.040365
0 0.487793 0.512370 0.038086 0.050781
0 0.447754 0.604167 0.041992 0.049479
0 0.402832 0.697266 0.047852 0.055990
0 0.459961 0.813151 0.046875 0.055990
0 0.482422 0.759766 0.042969 0.055990
0 0.516602 0.744792 0.044922 0.062500
0 0.608398 0.724609 0.050781 0.066406
0 0.545410 0.612630 0.045898 0.058594
0 0.624512 0.840495 0.047852 0.063802
0 0.570312 0.919271 0.058594 0.072917
0 0.517578 0.931641 0.046875 0.063802
0 0.609375 0.889323 0.048828 0.059896
0 0.716309 0.972005 0.049805 0.055990
0 0.663086 0.979818 0.039062 0.040365
0 0.704590 0.866536 0.051758 0.069010
0 0.797852 0.300130 0.054688 0.037760
0 0.436035 0.298177 0.053711 0.028646
0 0.512695 0.292969 0.056641 0.033854
0 0.422852 0.235677 0.050781 0.018229
0 0.424316 0.254557 0.034180 0.022135
0 0.496582 0.215495 0.055664 0.032552
0 0.510254 0.244141 0.040039 0.022135
0 0.547852 0.257812 0.046875 0.028646
0 0.556641 0.216146 0.042969 0.023438
0 0.587402 0.229818 0.043945 0.027344
0 0.577637 0.282552 0.055664 0.023438
0 0.622070 0.241536 0.050781 0.027344
0 0.654785 0.266276 0.055664 0.035156
0 0.628418 0.199870 0.055664 0.024740
0 0.658203 0.216797 0.052734 0.024740
0 0.719238 0.259766 0.043945 0.032552
0 0.772461 0.248698 0.050781 0.028646
0 0.696289 0.231120 0.044922 0.024740
0 0.708984 0.207682 0.041016 0.022135
0 0.696777 0.186849 0.045898 0.024740
0 0.839844 0.236328 0.050781 0.032552
0 0.768066 0.171875 0.057617 0.026042
0 0.909668 0.156901 0.034180 0.027344
